8901260762223831646
8901260762223831661
8901260761272776397
8901260762223826810
8901260762223826927
8901260762223827933
8901260762223828808
8901260762223829368
8901260762223829657
8901260762223830903
8901260762227203958
8901260762227205680
8901260762227206324
8901260762227212249
8901260762227212975
8901260762227213239
8901260762227214609
8901260762227214948
8901260761262684833
8901260762223826646
8901260762223829319
8901260762227213130
8901260761267476185
8901260762227213379
8901260762227215754
8901260762223827719
8901260761258682825
8901260761267479064
8901260761247337580
8901260762227206357
8901260762227215135
8901260761267414574
8901260761244931575
8901260761246380706
8901260761247309415
8901260761247773917
8901260761247885448
8901260761248046032
8901260761248057914
8901260761248067590
8901260761248280474
8901260761248301858
8901260761251210426
8901260761251214543
8901260761251419662
8901260761251654540
8901260761251654573
8901260761252277143
8901260761252283844
8901260761251666486
