8901267890523456790                
8901267890523456791                
8901267890523456792                
8901267890523456793                
8901267890523456794                
8901267890523456795                
8901267890523456796                
8901267890523456797                
8901267890523456798                
8901267890523456799                
8901267890523456800                
8901267890523456801                
8901267890523456802                
8901267890523456803                
8901267890523456804                
8901267890523456805                
8901267890523456806                
8901267890523456807                
8901267890523456808                
8901267890523456809                
8901267890523456810                
8901267890523456811                
8901267890523456812                
8901267890523456813                
8901267890523456814                
8901267890523456815                
8901267890523456816                
8901267890523456817                
8901267890523456818                
8901267890523456819                
8901267890523456820                
8901267890523456821                
8901267890523456822                
8901267890523456823                
8901267890523456824                
8901267890523456825                
8901267890523456826                
8901267890523456827                
8901267890523456828                
8901267890523456829                
8901267890523456830                
8901267890523456831                
8901267890523456832                
8901267890523456833                
8901267890523456834                
8901267890523456835                
8901267890523456836                
8901267890523456837                
8901267890523456838                
8901267890523456839                
8901267890523456840                
8901267890523456841                
8901267890523456842                
8901267890523456843                
8901267890523456844                
